FINAL RESULT FOR CORRELATION
      [,1] [,2] [,3] [,4] [,5] [,6] [,7] [,8] [,9] [,10] [,11] [,12] [,13] [,14]
 [1,]    1  NaN  NaN  NaN  NaN  NaN  NaN  NaN  NaN   NaN   NaN   NaN   NaN   NaN
 [2,]  NaN    1  NaN  NaN  NaN  NaN  NaN  NaN  NaN   NaN   NaN   NaN   NaN   NaN
 [3,]  NaN  NaN    1  NaN  NaN  NaN  NaN  NaN  NaN   NaN   NaN   NaN   NaN   NaN
 [4,]  NaN  NaN  NaN    1  NaN  NaN  NaN  NaN  NaN   NaN   NaN   NaN   NaN   NaN
 [5,]  NaN  NaN  NaN  NaN    1  NaN  NaN  NaN  NaN   NaN   NaN   NaN   NaN   NaN
 [6,]  NaN  NaN  NaN  NaN  NaN    1  NaN  NaN  NaN   NaN   NaN   NaN   NaN   NaN
 [7,]  NaN  NaN  NaN  NaN  NaN  NaN    1  NaN  NaN   NaN   NaN   NaN   NaN   NaN
 [8,]  NaN  NaN  NaN  NaN  NaN  NaN  NaN    1  NaN   NaN   NaN   NaN   NaN   NaN
 [9,]  NaN  NaN  NaN  NaN  NaN  NaN  NaN  NaN    1   NaN   NaN   NaN   NaN   NaN
[10,]  NaN  NaN  NaN  NaN  NaN  NaN  NaN  NaN  NaN     1   NaN   NaN   NaN   NaN
[11,]  NaN  NaN  NaN  NaN  NaN  NaN  NaN  NaN  NaN   NaN     1   NaN   NaN   NaN
[12,]  NaN  NaN  NaN  NaN  NaN  NaN  NaN  NaN  NaN   NaN   NaN     1   NaN   NaN
[13,]  NaN  NaN  NaN  NaN  NaN  NaN  NaN  NaN  NaN   NaN   NaN   NaN     1   NaN
[14,]  NaN  NaN  NaN  NaN  NaN  NaN  NaN  NaN  NaN   NaN   NaN   NaN   NaN     1
Assets: 1
Assets: 2
Assets: 3
Assets: 4
$mu
        par1         par2         par3         par4
 1.534115491 -0.001960862  0.122278502  0.037974787

$sigma
[1] 0.11829097 0.04231189 0.03266090 0.04787626

$corr
            [,1]        [,2]        [,3]       [,4]
[1,]  1.00000000 -0.02068765 -0.02222931 0.02751864
[2,] -0.02068765  1.00000000  0.50855204 0.57474950
[3,] -0.02222931  0.50855204  1.00000000 0.65957299
[4,]  0.02751864  0.57474950  0.65957299 1.00000000

$theta
par15 par16 par17 par18
 -0.1  -0.1  -0.1  -0.1

$delta
     par19      par20      par21      par22
0.17124492 0.09840020 0.10371836 0.09950451

$lambda
     par23      par24      par25      par26
47.7334176  0.7075117  2.7193636  0.8547077

$S
              [,1]          [,2]          [,3]         [,4]
[1,]  1.399275e-02 -0.0001035440 -8.588271e-05 0.0001558471
[2,] -1.035440e-04  0.0017902956  7.027905e-04 0.0011642900
[3,] -8.588271e-05  0.0007027905  1.066734e-03 0.0010313620
[4,]  1.558471e-04  0.0011642900  1.031362e-03 0.0022921358

$message
[1] "relative convergence (4)"

$objective_function
[1] -24280.95

$total_time
Time difference of 1.846016 mins

Assets: 1
Assets: 2
Assets: 5
Assets: 6
$mu
       par1        par2        par3        par4
 1.54079663  0.01496591  0.03627908 -0.05645109

$sigma
[1] 0.11878522 0.04169072 0.03537224 0.13293535

$corr
              [,1]        [,2]         [,3]        [,4]
[1,]  1.0000000000 -0.02410846 0.0007511035 -0.01252454
[2,] -0.0241084554  1.00000000 0.1501157048  0.30236129
[3,]  0.0007511035  0.15011570 1.0000000000  0.10088737
[4,] -0.0125245397  0.30236129 0.1008873716  1.00000000

$theta
par15 par16 par17 par18
 -0.1  -0.1  -0.1  -0.1

$delta
     par19      par20      par21      par22
0.17144297 0.08681531 0.09568806 0.15178666

$lambda
    par23     par24     par25     par26
47.406789  1.000059  2.521538 10.345036

$S
              [,1]          [,2]         [,3]          [,4]
[1,]  1.410993e-02 -0.0001193909 3.155911e-06 -0.0001977719
[2,] -1.193909e-04  0.0017381164 2.213748e-04  0.0016757379
[3,]  3.155911e-06  0.0002213748 1.251195e-03  0.0004743947
[4,] -1.977719e-04  0.0016757379 4.743947e-04  0.0176718077

$message
[1] "relative convergence (4)"

$objective_function
[1] -20761.81

$total_time
Time difference of 1.807575 mins

Assets: 1
Assets: 2
Assets: 7
Assets: 8
$mu
       par1        par2        par3        par4
 1.54241514  0.02439077 -0.04478446 -0.01436777

$sigma
[1] 0.11889232 0.04163545 0.05087780 0.04489613

$corr
             [,1]        [,2]      [,3]        [,4]
[1,]  1.000000000 -0.02901672 0.0190183 0.001859801
[2,] -0.029016725  1.00000000 0.1414891 0.432551760
[3,]  0.019018301  0.14148908 1.0000000 0.202323861
[4,]  0.001859801  0.43255176 0.2023239 1.000000000

$theta
par15 par16 par17 par18
 -0.1  -0.1  -0.1  -0.1

$delta
     par19      par20      par21      par22
0.17143211 0.07716738 0.10586584 0.09518968

$lambda
     par23      par24      par25      par26
47.3524107  1.0399534  2.7059814  0.6836136

$S
              [,1]          [,2]         [,3]         [,4]
[1,]  1.413538e-02 -0.0001436367 0.0001150413 9.927253e-06
[2,] -1.436367e-04  0.0017335105 0.0002997191 8.085562e-04
[3,]  1.150413e-04  0.0002997191 0.0025885502 4.621514e-04
[4,]  9.927253e-06  0.0008085562 0.0004621514 2.015662e-03

$message
[1] "relative convergence (4)"

$objective_function
[1] -22717.08

$total_time
Time difference of 1.63316 mins

Assets: 1
Assets: 2
Assets: 9
Assets: 10
$mu
       par1        par2        par3        par4
 1.54736840  0.01761171 -0.01546327 -0.01301519

$sigma
[1] 0.11847176 0.04153660 0.02138793 0.01916184

$corr
            [,1]        [,2]       [,3]       [,4]
[1,]  1.00000000 -0.02116473 0.02823158 0.02327027
[2,] -0.02116473  1.00000000 0.22127789 0.24198329
[3,]  0.02823158  0.22127789 1.00000000 0.58689574
[4,]  0.02327027  0.24198329 0.58689574 1.00000000

$theta
par15 par16 par17 par18
 -0.1  -0.1  -0.1  -0.1

$delta
     par19      par20      par21      par22
0.17115964 0.08713135 0.11953813 0.09828638

$lambda
     par23      par24      par25      par26
47.6265497  1.1045148  0.1242157  0.8866713

$S
              [,1]          [,2]         [,3]         [,4]
[1,]  1.403556e-02 -0.0001041498 7.153504e-05 0.0000528267
[2,] -1.041498e-04  0.0017252893 1.965793e-04 0.0001925988
[3,]  7.153504e-05  0.0001965793 4.574437e-04 0.0002405288
[4,]  5.282670e-05  0.0001925988 2.405288e-04 0.0003671762

$message
[1] "relative convergence (4)"

$objective_function
[1] -26728.7

$total_time
Time difference of 2.08248 mins

Assets: 1
Assets: 2
Assets: 11
Assets: 12
$mu
        par1         par2         par3         par4
 1.534040932  0.005973678 -0.004437533 -0.012642451

$sigma
[1] 0.11794490 0.04171681 0.02189745 0.02146586

$corr
            [,1]       [,2]      [,3]        [,4]
[1,]  1.00000000 -0.0250098 0.0199265 -0.01692239
[2,] -0.02500980  1.0000000 0.1061487 -0.16498253
[3,]  0.01992650  0.1061487 1.0000000  0.45129593
[4,] -0.01692239 -0.1649825 0.4512959  1.00000000

$theta
par15 par16 par17 par18
 -0.1  -0.1  -0.1  -0.1

$delta
     par19      par20      par21      par22
0.17113738 0.09573612 0.11980672 0.09147835

$lambda
     par23      par24      par25      par26
47.9568650  0.9256625  1.5395778  1.4826264

$S
              [,1]          [,2]         [,3]          [,4]
[1,]  1.391100e-02 -1.230554e-04 5.146402e-05 -0.0000428439
[2,] -1.230554e-04  1.740292e-03 9.696599e-05 -0.0001477397
[3,]  5.146402e-05  9.696599e-05 4.794984e-04  0.0002121306
[4,] -4.284390e-05 -1.477397e-04 2.121306e-04  0.0004607830

$message
[1] "relative convergence (4)"

$objective_function
[1] -26104.15

$total_time
Time difference of 1.802107 mins

Assets: 1
Assets: 2
Assets: 13
Assets: 14
$mu
      par1       par2       par3       par4
1.53568528 0.01832717 0.04120394 0.02609215

$sigma
[1] 0.118460907 0.041546320 0.008335766 0.007837489

$corr
            [,1]        [,2]        [,3]        [,4]
[1,]  1.00000000 -0.02334678 -0.01307029 -0.02136121
[2,] -0.02334678  1.00000000 -0.03744418 -0.14640359
[3,] -0.01307029 -0.03744418  1.00000000  0.48949092
[4,] -0.02136121 -0.14640359  0.48949092  1.00000000

$theta
par15 par16 par17 par18
 -0.1  -0.1  -0.1  -0.1

$delta
     par19      par20      par21      par22
0.17130567 0.08546029 0.09130668 0.09920983

$lambda
     par23      par24      par25      par26
47.6210977  1.0800183  0.4264389  0.5266072

$S
              [,1]          [,2]          [,3]          [,4]
[1,]  1.403299e-02 -1.149038e-04 -1.290642e-05 -1.983252e-05
[2,] -1.149038e-04  1.726097e-03 -1.296768e-05 -4.767177e-05
[3,] -1.290642e-05 -1.296768e-05  6.948500e-05  3.197917e-05
[4,] -1.983252e-05 -4.767177e-05  3.197917e-05  6.142624e-05

$message
[1] "relative convergence (4)"

$objective_function
[1] -30423.5

$total_time
Time difference of 2.020876 mins

Assets: 3
Assets: 4
Assets: 5
Assets: 6
$mu
       par1        par2        par3        par4
 0.12602061  0.05862807  0.04134884 -0.06020378

$sigma
[1] 0.03293011 0.04737413 0.03534634 0.12959340

$corr
            [,1]        [,2]         [,3]       [,4]
[1,] 1.000000000  0.65550084  0.001512601 0.52518047
[2,] 0.655500839  1.00000000 -0.053915063 0.34371926
[3,] 0.001512601 -0.05391506  1.000000000 0.09190886
[4,] 0.525180465  0.34371926  0.091908855 1.00000000

$theta
par15 par16 par17 par18
 -0.1  -0.1  -0.1  -0.1

$delta
     par19      par20      par21      par22
0.10137079 0.08981478 0.09384471 0.14558615

$lambda
    par23     par24     par25     par26
 1.976711  1.470463  2.570596 12.841888

$S
             [,1]          [,2]          [,3]         [,4]
[1,] 1.084392e-03  1.022605e-03  1.760606e-06 0.0022412210
[2,] 1.022605e-03  2.244308e-03 -9.028089e-05 0.0021102214
[3,] 1.760606e-06 -9.028089e-05  1.249364e-03 0.0004210025
[4,] 2.241221e-03  2.110221e-03  4.210025e-04 0.0167944499

$message
[1] "relative convergence (4)"

$objective_function
[1] -25126.2

$total_time
Time difference of 1.877988 mins

Assets: 3
Assets: 4
Assets: 7
Assets: 8
$mu
       par1        par2        par3        par4
 0.13317367  0.05483446 -0.05038918 -0.01894477

$sigma
[1] 0.03253954 0.04745800 0.05107994 0.04511566

$corr
          [,1]      [,2]      [,3]      [,4]
[1,] 1.0000000 0.6586974 0.1527126 0.3735560
[2,] 0.6586974 1.0000000 0.1233653 0.3952685
[3,] 0.1527126 0.1233653 1.0000000 0.2114397
[4,] 0.3735560 0.3952685 0.2114397 1.0000000

$theta
par15 par16 par17 par18
 -0.1  -0.1  -0.1  -0.1

$delta
     par19      par20      par21      par22
0.09962570 0.08912362 0.10769636 0.09998583

$lambda
    par23     par24     par25     par26
2.6017160 1.2679815 2.5495275 0.5902328

$S
             [,1]         [,2]         [,3]         [,4]
[1,] 0.0010588217 0.0010172010 0.0002538263 0.0005483962
[2,] 0.0010172010 0.0022522620 0.0002990563 0.0008463091
[3,] 0.0002538263 0.0002990563 0.0026091598 0.0004872638
[4,] 0.0005483962 0.0008463091 0.0004872638 0.0020354227

$message
[1] "relative convergence (4)"

$objective_function
[1] -26884.53

$total_time
Time difference of 1.801868 mins

Assets: 3
Assets: 4
Assets: 9
Assets: 10
$mu
       par1        par2        par3        par4
 0.13848396  0.06277170 -0.01553890 -0.01313668

$sigma
[1] 0.03227114 0.04701033 0.02138345 0.01916213

$corr
          [,1]      [,2]      [,3]      [,4]
[1,] 1.0000000 0.6529816 0.1985170 0.2136357
[2,] 0.6529816 1.0000000 0.1146888 0.1795574
[3,] 0.1985170 0.1146888 1.0000000 0.5865163
[4,] 0.2136357 0.1795574 0.5865163 1.0000000

$theta
par15 par16 par17 par18
 -0.1  -0.1  -0.1  -0.1

$delta
     par19      par20      par21      par22
0.09813792 0.08939360 0.11927109 0.09841345

$lambda
    par23     par24     par25     par26
2.6670094 1.6171019 0.1301656 0.8796976

$S
             [,1]         [,2]         [,3]         [,4]
[1,] 0.0010414264 0.0009906232 0.0001369903 0.0001321089
[2,] 0.0009906232 0.0022099707 0.0001152901 0.0001617486
[3,] 0.0001369903 0.0001152901 0.0004572520 0.0002403265
[4,] 0.0001321089 0.0001617486 0.0002403265 0.0003671873

$message
[1] "relative convergence (4)"

$objective_function
[1] -30896.3

$total_time
Time difference of 2.013137 mins

Assets: 3
Assets: 4
Assets: 11
Assets: 12
$mu
        par1         par2         par3         par4
 0.132038481  0.050801576 -0.002919242 -0.013359252

$sigma
[1] 0.03230415 0.04713439 0.02183412 0.02140999

$corr
             [,1]        [,2]         [,3]       [,4]
[1,]  1.000000000  0.65231603  0.007182786 -0.2640412
[2,]  0.652316031  1.00000000 -0.063691919 -0.3522647
[3,]  0.007182786 -0.06369192  1.000000000  0.4532087
[4,] -0.264041234 -0.35226473  0.453208737  1.0000000

$theta
par15 par16 par17 par18
 -0.1  -0.1  -0.1  -0.1

$delta
     par19      par20      par21      par22
0.10050323 0.09600128 0.11744950 0.09300456

$lambda
   par23    par24    par25    par26
2.656858 1.426099 1.692968 1.604024

$S
              [,1]          [,2]          [,3]          [,4]
[1,]  1.043558e-03  9.932402e-04  5.066255e-06 -0.0001826192
[2,]  9.932402e-04  2.221651e-03 -6.554778e-05 -0.0003554868
[3,]  5.066255e-06 -6.554778e-05  4.767290e-04  0.0002118608
[4,] -1.826192e-04 -3.554868e-04  2.118608e-04  0.0004583877

$message
[1] "relative convergence (4)"

$objective_function
[1] -30368.71

$total_time
Time difference of 1.820785 mins

Assets: 3
Assets: 4
Assets: 13
Assets: 14
$mu
      par1       par2       par3       par4
0.14028693 0.07004360 0.04130721 0.02693778

$sigma
[1] 0.032365717 0.047264421 0.008344177 0.007763779

$corr
           [,1]       [,2]       [,3]       [,4]
[1,]  1.0000000  0.6548005 -0.1419618 -0.3646159
[2,]  0.6548005  1.0000000 -0.1240934 -0.3338092
[3,] -0.1419618 -0.1240934  1.0000000  0.4935256
[4,] -0.3646159 -0.3338092  0.4935256  1.0000000

$theta
par15 par16 par17 par18
 -0.1  -0.1  -0.1  -0.1

$delta
     par19      par20      par21      par22
0.09708610 0.08172285 0.09005509 0.09882243

$lambda
    par23     par24     par25     par26
2.5915978 1.5454767 0.3809512 0.9657233

$S
              [,1]          [,2]          [,3]          [,4]
[1,]  1.047540e-03  1.001679e-03 -3.833896e-05 -9.162078e-05
[2,]  1.001679e-03  2.233926e-03 -4.894027e-05 -1.224915e-04
[3,] -3.833896e-05 -4.894027e-05  6.962529e-05  3.197175e-05
[4,] -9.162078e-05 -1.224915e-04  3.197175e-05  6.027627e-05

$message
[1] "relative convergence (4)"

$objective_function
[1] -34735.01

$total_time
Time difference of 2.162616 mins

Assets: 5
Assets: 6
Assets: 7
Assets: 8
$mu
        par1         par2         par3         par4
 0.022858842  0.007301241 -0.048594382 -0.020722511

$sigma
[1] 0.03572661 0.13280927 0.05101964 0.04509315

$corr
          [,1]      [,2]      [,3]      [,4]
[1,] 1.0000000 0.1058926 0.1359982 0.3250062
[2,] 0.1058926 1.0000000 0.1484892 0.2961083
[3,] 0.1359982 0.1484892 1.0000000 0.2107436
[4,] 0.3250062 0.2961083 0.2107436 1.0000000

$theta
par15 par16 par17 par18
 -0.1  -0.1  -0.1  -0.1

$delta
     par19      par20      par21      par22
0.09967265 0.14592898 0.10698567 0.10268711

$lambda
     par23      par24      par25      par26
 2.2251673 10.6667588  2.5886028  0.5989437

$S
             [,1]         [,2]         [,3]         [,4]
[1,] 0.0012763908 0.0005024417 0.0002478920 0.0005235933
[2,] 0.0005024417 0.0176383027 0.0010061449 0.0017733298
[3,] 0.0002478920 0.0010061449 0.0026030033 0.0004848442
[4,] 0.0005235933 0.0017733298 0.0004848442 0.0020333919

$message
[1] "relative convergence (4)"

$objective_function
[1] -23685.49

$total_time
Time difference of 1.84673 mins

Assets: 5
Assets: 6
Assets: 9
Assets: 10
$mu
        par1         par2         par3         par4
 0.035022703  0.009067702 -0.015629230 -0.013576955

$sigma
[1] 0.03537430 0.13369575 0.02137273 0.01915673

$corr
          [,1]      [,2]      [,3]      [,4]
[1,] 1.0000000 0.1131353 0.3879624 0.3210916
[2,] 0.1131353 1.0000000 0.1758030 0.1752074
[3,] 0.3879624 0.1758030 1.0000000 0.5862852
[4,] 0.3210916 0.1752074 0.5862852 1.0000000

$theta
par15 par16 par17 par18
 -0.1  -0.1  -0.1  -0.1

$delta
     par19      par20      par21      par22
0.09589561 0.14820220 0.11813793 0.09909536

$lambda
    par23     par24     par25     par26
2.6182348 9.9311352 0.1446613 0.8794993

$S
             [,1]         [,2]         [,3]         [,4]
[1,] 0.0012513410 0.0005350615 0.0002933171 0.0002175897
[2,] 0.0005350615 0.0178745544 0.0005023470 0.0004487367
[3,] 0.0002933171 0.0005023470 0.0004567936 0.0002400437
[4,] 0.0002175897 0.0004487367 0.0002400437 0.0003669804

$message
[1] "relative convergence (4)"

$objective_function
[1] -27856.53

$total_time
Time difference of 1.904557 mins

Assets: 5
Assets: 6
Assets: 11
Assets: 12
$mu
        par1         par2         par3         par4
 0.047591036 -0.023831772  0.004647381 -0.016617240

$sigma
[1] 0.03531227 0.13313662 0.02189039 0.02144315

$corr
          [,1]        [,2]       [,3]       [,4]
[1,] 1.0000000  0.11062536 0.44536896  0.4347335
[2,] 0.1106254  1.00000000 0.09495586 -0.1240730
[3,] 0.4453690  0.09495586 1.00000000  0.4534061
[4,] 0.4347335 -0.12407304 0.45340609  1.0000000

$theta
par15 par16 par17 par18
 -0.1  -0.1  -0.1  -0.1

$delta
     par19      par20      par21      par22
0.09197454 0.15086760 0.11374354 0.09454837

$lambda
    par23     par24     par25     par26
 2.856967 10.025586  1.622724  1.544130

$S
             [,1]          [,2]         [,3]          [,4]
[1,] 0.0012469567  0.0005200893 0.0003442699  0.0003291830
[2,] 0.0005200893  0.0177253586 0.0002767405 -0.0003542123
[3,] 0.0003442699  0.0002767405 0.0004791890  0.0002128283
[4,] 0.0003291830 -0.0003542123 0.0002128283  0.0004598089

$message
[1] "relative convergence (4)"

$objective_function
[1] -27378.33

$total_time
Time difference of 1.918457 mins

Assets: 5
Assets: 6
Assets: 13
Assets: 14
$mu
        par1         par2         par3         par4
 0.040379145 -0.005642932  0.041587693  0.025220928

$sigma
[1] 0.035452254 0.133170643 0.008325060 0.007858028

$corr
           [,1]        [,2]       [,3]       [,4]
[1,] 1.00000000  0.09449686  0.1256607  0.2236130
[2,] 0.09449686  1.00000000 -0.1141895 -0.2188683
[3,] 0.12566072 -0.11418948  1.0000000  0.4906572
[4,] 0.22361299 -0.21886834  0.4906572  1.0000000

$theta
par15 par16 par17 par18
 -0.1  -0.1  -0.1  -0.1

$delta
     par19      par20      par21      par22
0.09324471 0.14873829 0.09133896 0.10086473

$lambda
     par23      par24      par25      par26
 2.4350801 10.1946152  0.4711198  0.4913086

$S
             [,1]          [,2]          [,3]          [,4]
[1,] 1.256862e-03  0.0004461385  3.708778e-05  6.229518e-05
[2,] 4.461385e-04  0.0177344202 -1.265966e-04 -2.290367e-04
[3,] 3.708778e-05 -0.0001265966  6.930663e-05  3.209808e-05
[4,] 6.229518e-05 -0.0002290367  3.209808e-05  6.174860e-05

$message
[1] "relative convergence (4)"

$objective_function
[1] -31498.53

$total_time
Time difference of 2.110608 mins

Assets: 7
Assets: 8
Assets: 9
Assets: 10
$mu
       par1        par2        par3        par4
-0.03984167 -0.02193733 -0.01573183 -0.01363332

$sigma
[1] 0.05071238 0.04462599 0.02137449 0.01914339

$corr
          [,1]      [,2]      [,3]      [,4]
[1,] 1.0000000 0.2096233 0.1542663 0.1311574
[2,] 0.2096233 1.0000000 0.3105093 0.2707644
[3,] 0.1542663 0.3105093 1.0000000 0.5871995
[4,] 0.1311574 0.2707644 0.5871995 1.0000000

$theta
par15 par16 par17 par18
 -0.1  -0.1  -0.1  -0.1

$delta
     par19      par20      par21      par22
0.10472092 0.10667600 0.11973820 0.09920477

$lambda
    par23     par24     par25     par26
2.8715664 0.9650610 0.1368294 0.9241846

$S
             [,1]         [,2]         [,3]         [,4]
[1,] 0.0025717458 0.0004743965 0.0001672171 0.0001273285
[2,] 0.0004743965 0.0019914788 0.0002961817 0.0002313121
[3,] 0.0001672171 0.0002961817 0.0004568687 0.0002402704
[4,] 0.0001273285 0.0002313121 0.0002402704 0.0003664694

$message
[1] "relative convergence (4)"

$objective_function
[1] -29618.37

$total_time
Time difference of 2.176907 mins

Assets: 7
Assets: 8
Assets: 11
Assets: 12
$mu
         par1          par2          par3          par4
-4.019985e-02 -1.992423e-02  5.442955e-05 -1.406841e-02

$sigma
[1] 0.05074706 0.04462291 0.02186439 0.02142300

$corr
           [,1]        [,2]      [,3]        [,4]
[1,] 1.00000000  0.20680519 0.1115182  0.01213569
[2,] 0.20680519  1.00000000 0.2223232 -0.04620229
[3,] 0.11151816  0.22232317 1.0000000  0.45359139
[4,] 0.01213569 -0.04620229 0.4535914  1.00000000

$theta
par15 par16 par17 par18
 -0.1  -0.1  -0.1  -0.1

$delta
    par19     par20     par21     par22
0.1047934 0.1056105 0.1164031 0.0929316

$lambda
    par23     par24     par25     par26
2.8317245 0.8997296 1.6115104 1.5470175

$S
             [,1]          [,2]         [,3]          [,4]
[1,] 2.575264e-03  4.683065e-04 0.0001237354  1.319337e-05
[2,] 4.683065e-04  1.991204e-03 0.0002169102 -4.416739e-05
[3,] 1.237354e-04  2.169102e-04 0.0004780517  2.124626e-04
[4,] 1.319337e-05 -4.416739e-05 0.0002124626  4.589450e-04

$message
[1] "relative convergence (4)"

$objective_function
[1] -28953.05

$total_time
Time difference of 1.990906 mins

Assets: 7
Assets: 8
Assets: 13
Assets: 14
$mu
       par1        par2        par3        par4
-0.04226985 -0.01849729  0.04146451  0.02600814

$sigma
[1] 0.050858185 0.044486162 0.008330758 0.007834483

$corr
            [,1]       [,2]        [,3]        [,4]
[1,]  1.00000000  0.2047548 -0.06303237 -0.07607947
[2,]  0.20475481  1.0000000 -0.14639422 -0.17264820
[3,] -0.06303237 -0.1463942  1.00000000  0.48981092
[4,] -0.07607947 -0.1726482  0.48981092  1.00000000

$theta
par15 par16 par17 par18
 -0.1  -0.1  -0.1  -0.1

$delta
     par19      par20      par21      par22
0.10519850 0.10528311 0.09131304 0.09938268

$lambda
    par23     par24     par25     par26
2.7267795 0.9883753 0.4568552 0.5245759

$S
              [,1]          [,2]          [,3]          [,4]
[1,]  2.586555e-03  4.632548e-04 -2.670601e-05 -3.031368e-05
[2,]  4.632548e-04  1.979019e-03 -5.425421e-05 -6.017240e-05
[3,] -2.670601e-05 -5.425421e-05  6.940153e-05  3.196858e-05
[4,] -3.031368e-05 -6.017240e-05  3.196858e-05  6.137913e-05

$message
[1] "relative convergence (4)"

$objective_function
[1] -33272.67

$total_time
Time difference of 2.286701 mins

Assets: 9
Assets: 10
Assets: 11
Assets: 12
$mu
       par1        par2        par3        par4
-0.01249090 -0.01360936  0.01012539 -0.01407152

$sigma
[1] 0.02149460 0.01913348 0.02171114 0.02143372

$corr
          [,1]      [,2]      [,3]      [,4]
[1,] 1.0000000 0.5879088 0.7904250 0.3301429
[2,] 0.5879088 1.0000000 0.4818638 0.2138597
[3,] 0.7904250 0.4818638 1.0000000 0.4530398
[4,] 0.3301429 0.2138597 0.4530398 1.0000000

$theta
par15 par16 par17 par18
 -0.1  -0.1  -0.1  -0.1

$delta
     par19      par20      par21      par22
0.09340669 0.09930709 0.10645893 0.09271650

$lambda
    par23     par24     par25     par26
0.1000000 0.9444174 3.4110930 1.5210104

$S
             [,1]         [,2]         [,3]         [,4]
[1,] 0.0004620180 2.417872e-04 0.0003688696 1.520999e-04
[2,] 0.0002417872 3.660901e-04 0.0002001709 8.770422e-05
[3,] 0.0003688696 2.001709e-04 0.0004713738 2.108223e-04
[4,] 0.0001520999 8.770422e-05 0.0002108223 4.594042e-04

$message
[1] "relative convergence (4)"

$objective_function
[1] -33956.63

$total_time
Time difference of 2.119184 mins

Assets: 9
Assets: 10
Assets: 13
Assets: 14
$mu
       par1        par2        par3        par4
-0.01360148 -0.01280460  0.04036918  0.02513249

$sigma
[1] 0.021487584 0.019198962 0.008435957 0.007820106

$corr
            [,1]       [,2]       [,3]        [,4]
[1,]  1.00000000  0.5866649 -0.3085989 -0.01018875
[2,]  0.58666486  1.0000000  0.0457466 -0.03025180
[3,] -0.30859886  0.0457466  1.0000000  0.50050453
[4,] -0.01018875 -0.0302518  0.5005045  1.00000000

$theta
par15 par16 par17 par18
 -0.1  -0.1  -0.1  -0.1

$delta
     par19      par20      par21      par22
0.11245514 0.09773506 0.09336468 0.10092806

$lambda
    par23     par24     par25     par26
0.1000000 0.8638621 0.4258397 0.6145310

$S
              [,1]          [,2]          [,3]          [,4]
[1,]  4.617163e-04  2.420223e-04 -5.593920e-05 -1.712069e-06
[2,]  2.420223e-04  3.686001e-04  7.409193e-06 -4.541942e-06
[3,] -5.593920e-05  7.409193e-06  7.116537e-05  3.301832e-05
[4,] -1.712069e-06 -4.541942e-06  3.301832e-05  6.115405e-05

$message
[1] "relative convergence (4)"

$objective_function
[1] -37654.92

$total_time
Time difference of 2.277015 mins

Assets: 11
Assets: 12
Assets: 13
Assets: 14
$mu
       par1        par2        par3        par4
-0.00168079 -0.01531754  0.04014880  0.02592632

$sigma
[1] 0.021778096 0.021359340 0.008387086 0.007815087

$corr
            [,1]      [,2]        [,3]      [,4]
[1,]  1.00000000 0.4590683 -0.08739231 0.1623737
[2,]  0.45906832 1.0000000  0.22776851 0.4178940
[3,] -0.08739231 0.2277685  1.00000000 0.4929412
[4,]  0.16237366 0.4178940  0.49294118 1.0000000

$theta
par15 par16 par17 par18
 -0.1  -0.1  -0.1  -0.1

$delta
     par19      par20      par21      par22
0.11599505 0.09524110 0.08999045 0.09971632

$lambda
    par23     par24     par25     par26
1.8505638 1.8606353 0.2657865 0.7210034

$S
              [,1]         [,2]          [,3]         [,4]
[1,]  4.742855e-04 2.135429e-04 -1.596262e-05 2.763563e-05
[2,]  2.135429e-04 4.562214e-04  4.080305e-05 6.975699e-05
[3,] -1.596262e-05 4.080305e-05  7.034321e-05 3.231023e-05
[4,]  2.763563e-05 6.975699e-05  3.231023e-05 6.107558e-05

$message
[1] "relative convergence (4)"

$objective_function
[1] -37008.83

$total_time
Time difference of 2.280484 mins

FINAL RESULT FOR CORRELATION
               [,1]        [,2]         [,3]        [,4]          [,5]        [,6]        [,7]         [,8]        [,9]       [,10]        [,11]       [,12]       [,13]       [,14]
 [1,]  1.0000000000 -0.02388450 -0.022295964  0.02777914  0.0007518241 -0.01259256  0.01908350  0.001870054  0.02819273  0.02327261  0.019899251 -0.01688077 -0.01303104 -0.02140224
 [2,] -0.0238845003  1.00000000  0.517862988  0.58904660  0.1496883733  0.30284749  0.14111956  0.432318518  0.21989967  0.24083167  0.106419441 -0.16522247 -0.03716244 -0.14601958
 [3,] -0.0222959641  0.51786299  1.000000000  0.65565850  0.0015283603  0.52000344  0.15343100  0.376436488  0.19673442  0.21207802  0.007138259 -0.26219356 -0.14105413 -0.36028609
 [4,]  0.0277791393  0.58904660  0.655658502  1.00000000 -0.0538095010  0.33616234  0.12411630  0.398864906  0.11367943  0.17828040 -0.063410725 -0.35042774 -0.12362645 -0.33071878
 [5,]  0.0007518241  0.14968837  0.001528360 -0.05380950  1.0000000000  0.10287472  0.13750228  0.329808875  0.38654396  0.32053309  0.445118060  0.43369446  0.12521238  0.22479099
 [6,] -0.0125925605  0.30284749  0.520003443  0.33616234  0.1028747237  1.00000000  0.14916462  0.298549054  0.17693885  0.17667865  0.095632780 -0.12472914 -0.11423426 -0.22089575
 [7,]  0.0190835023  0.14111956  0.153431002  0.12411630  0.1375022808  0.14916462  1.00000000  0.207625825  0.15344578  0.13060896  0.111399402  0.01210361 -0.06278246 -0.07616860
 [8,]  0.0018700544  0.43231852  0.376436488  0.39886491  0.3298088745  0.29854905  0.20762583  1.000000000  0.30864081  0.26944280  0.221763420 -0.04601314 -0.14483835 -0.17169416
 [9,]  0.0281927287  0.21989967  0.196734418  0.11367943  0.3865439560  0.17693885  0.15344578  0.308640815  1.00000000  0.58691030  0.788997858  0.33151420 -0.31243494 -0.01022051
[10,]  0.0232726053  0.24083167  0.212078024  0.17828040  0.3205330895  0.17667865  0.13060896  0.269442802  0.58691030  1.00000000  0.478604952  0.21368150  0.04625806 -0.03030861
[11,]  0.0198992514  0.10641944  0.007138259 -0.06341072  0.4451180604  0.09563278  0.11139940  0.221763420  0.78899786  0.47860495  1.000000000  0.45392697 -0.08747064  0.16185844
[12,] -0.0168807723 -0.16522247 -0.262193559 -0.35042774  0.4336944597 -0.12472914  0.01210361 -0.046013138  0.33151420  0.21368150  0.453926971  1.00000000  0.22783526  0.41631691
[13,] -0.0130310380 -0.03716244 -0.141054130 -0.12362645  0.1252123839 -0.11423426 -0.06278246 -0.144838355 -0.31243494  0.04625806 -0.087470640  0.22783526  1.00000000  0.49282257
[14,] -0.0214022415 -0.14601958 -0.360286092 -0.33071878  0.2247909944 -0.22089575 -0.07616860 -0.171694156 -0.01022051 -0.03030861  0.161858439  0.41631691  0.49282257  1.00000000
Assets: 1
Assets: 2
Assets: 3
Assets: 4
$mu
        par1         par2         par3         par4 
 1.534101776 -0.001963258  0.122272502  0.037982135 

$sigma
[1] 0.11829045 0.04231181 0.03266089 0.04787623

$corr
            [,1]        [,2]        [,3]       [,4]
[1,]  1.00000000 -0.02068918 -0.02223796 0.02751341
[2,] -0.02068918  1.00000000  0.50855057 0.57474811
[3,] -0.02223796  0.50855057  1.00000000 0.65957062
[4,]  0.02751341  0.57474811  0.65957062 1.00000000

$theta
par15 par16 par17 par18 
 -0.1  -0.1  -0.1  -0.1 

$delta
     par19      par20      par21      par22 
0.17124459 0.09841641 0.10371987 0.09951725 

$lambda
     par23      par24      par25      par26 
47.7336836  0.7074743  2.7190687  0.8549068 

$S
              [,1]          [,2]          [,3]         [,4]
[1,]  1.399263e-02 -0.0001035511 -8.591575e-05 0.0001558167
[2,] -1.035511e-04  0.0017902891  7.027871e-04 0.0011642845
[3,] -8.591575e-05  0.0007027871  1.066734e-03 0.0010313578
[4,]  1.558167e-04  0.0011642845  1.031358e-03 0.0022921336

$message
[1] "relative convergence (4)"

$objective_function
[1] -24280.95

$total_time
Time difference of 2.003782 mins

Assets: 1
Assets: 2
Assets: 5
Assets: 6
$mu
       par1        par2        par3        par4 
 1.54078645  0.01495176  0.03627069 -0.05645901 

$sigma
[1] 0.11878154 0.04169084 0.03537230 0.13293558

$corr
              [,1]        [,2]         [,3]        [,4]
[1,]  1.0000000000 -0.02410755 0.0007406275 -0.01252954
[2,] -0.0241075494  1.00000000 0.1501287958  0.30235697
[3,]  0.0007406275  0.15012880 1.0000000000  0.10088692
[4,] -0.0125295365  0.30235697 0.1008869161  1.00000000

$theta
par15 par16 par17 par18 
 -0.1  -0.1  -0.1  -0.1 

$delta
     par19      par20      par21      par22 
0.17144048 0.08682262 0.09570462 0.15178833 

$lambda
     par23      par24      par25      par26 
47.4118842  0.9997637  2.5216013 10.3449290 

$S
              [,1]         [,2]         [,3]          [,4]
[1,]  1.410905e-02 -0.000119383 3.111803e-06 -0.0001978450
[2,] -1.193830e-04  0.001738126 2.213950e-04  0.0016757215
[3,]  3.111803e-06  0.000221395 1.251199e-03  0.0004743942
[4,] -1.978450e-04  0.001675721 4.743942e-04  0.0176718672

$message
[1] "relative convergence (4)"

$objective_function
[1] -20761.81

$total_time
Time difference of 2.156879 mins

Assets: 1
Assets: 2
Assets: 7
Assets: 8
$mu
       par1        par2        par3        par4 
 1.54242452  0.02438692 -0.04478723 -0.01437299 

$sigma
[1] 0.11889205 0.04163547 0.05087777 0.04489609

$corr
             [,1]        [,2]       [,3]        [,4]
[1,]  1.000000000 -0.02901597 0.01901737 0.001858274
[2,] -0.029015973  1.00000000 0.14149086 0.432551139
[3,]  0.019017374  0.14149086 1.00000000 0.202325041
[4,]  0.001858274  0.43255114 0.20232504 1.000000000

$theta
par15 par16 par17 par18 
 -0.1  -0.1  -0.1  -0.1 

$delta
     par19      par20      par21      par22 
0.17143266 0.07716660 0.10586436 0.09519341 

$lambda
     par23      par24      par25      par26 
47.3527870  1.0399140  2.7059791  0.6836716 

$S
              [,1]          [,2]         [,3]         [,4]
[1,]  1.413532e-02 -0.0001436327 0.0001150354 9.919074e-06
[2,] -1.436327e-04  0.0017335121 0.0002997229 8.085547e-04
[3,]  1.150354e-04  0.0002997229 0.0025885473 4.621535e-04
[4,]  9.919074e-06  0.0008085547 0.0004621535 2.015659e-03

$message
[1] "relative convergence (4)"

$objective_function
[1] -22717.08

$total_time
Time difference of 1.935619 mins

Assets: 1
Assets: 2
Assets: 9
Assets: 10
$mu
       par1        par2        par3        par4 
 1.54739086  0.01760854 -0.01546649 -0.01301488 

$sigma
[1] 0.11847429 0.04153698 0.02138783 0.01916175

$corr
            [,1]        [,2]       [,3]       [,4]
[1,]  1.00000000 -0.02116029 0.02823805 0.02326262
[2,] -0.02116029  1.00000000 0.22127578 0.24197633
[3,]  0.02823805  0.22127578 1.00000000 0.58688297
[4,]  0.02326262  0.24197633 0.58688297 1.00000000

$theta
par15 par16 par17 par18 
 -0.1  -0.1  -0.1  -0.1 

$delta
     par19      par20      par21      par22 
0.17116006 0.08712501 0.11956149 0.09829227 

$lambda
     par23      par24      par25      par26 
47.6235058  1.1031656  0.1242255  0.8866165 

$S
              [,1]          [,2]         [,3]         [,4]
[1,]  1.403616e-02 -0.0001041312 7.155261e-05 0.0000528102
[2,] -1.041312e-04  0.0017253211 1.965783e-04 0.0001925941
[3,]  7.155261e-05  0.0001965783 4.574391e-04 0.0002405211
[4,]  5.281020e-05  0.0001925941 2.405211e-04 0.0003671725

$message
[1] "relative convergence (4)"

$objective_function
[1] -26728.7

$total_time
Time difference of 2.084365 mins

Assets: 1
Assets: 2
Assets: 11
Assets: 12
$mu
        par1         par2         par3         par4 
 1.534077620  0.005968087 -0.004443442 -0.012644526 

$sigma
[1] 0.11794388 0.04171689 0.02189735 0.02146583

$corr
            [,1]        [,2]       [,3]        [,4]
[1,]  1.00000000 -0.02499861 0.01992534 -0.01691122
[2,] -0.02499861  1.00000000 0.10614039 -0.16498778
[3,]  0.01992534  0.10614039 1.00000000  0.45129536
[4,] -0.01691122 -0.16498778 0.45129536  1.00000000

$theta
par15 par16 par17 par18 
 -0.1  -0.1  -0.1  -0.1 

$delta
     par19      par20      par21      par22 
0.17113560 0.09574316 0.11971201 0.09147771 

$lambda
     par23      par24      par25      par26 
47.9583401  0.9253888  1.5398274  1.4833855 

$S
              [,1]          [,2]         [,3]          [,4]
[1,]  1.391076e-02 -1.229995e-04 5.146034e-05 -4.281521e-05
[2,] -1.229995e-04  1.740299e-03 9.695814e-05 -1.477445e-04
[3,]  5.146034e-05  9.695814e-05 4.794941e-04  2.121290e-04
[4,] -4.281521e-05 -1.477445e-04 2.121290e-04  4.607817e-04

$message
[1] "relative convergence (4)"

$objective_function
[1] -26104.15

$total_time
Time difference of 2.294166 mins

Assets: 1
Assets: 2
Assets: 13
Assets: 14
$mu
      par1       par2       par3       par4 
1.53569141 0.01834240 0.04120319 0.02609598 

$sigma
[1] 0.118459304 0.041546247 0.008335800 0.007837513

$corr
            [,1]        [,2]        [,3]        [,4]
[1,]  1.00000000 -0.02335142 -0.01309333 -0.02136045
[2,] -0.02335142  1.00000000 -0.03741989 -0.14640217
[3,] -0.01309333 -0.03741989  1.00000000  0.48949533
[4,] -0.02136045 -0.14640217  0.48949533  1.00000000

$theta
par15 par16 par17 par18 
 -0.1  -0.1  -0.1  -0.1 

$delta
     par19      par20      par21      par22 
0.17130480 0.08546525 0.09130184 0.09921960 

$lambda
     par23      par24      par25      par26 
47.6218036  1.0799111  0.4263686  0.5267870 

$S
              [,1]          [,2]          [,3]          [,4]
[1,]  1.403261e-02 -1.149249e-04 -1.292905e-05 -1.983160e-05
[2,] -1.149249e-04  1.726091e-03 -1.295930e-05 -4.767136e-05
[3,] -1.292905e-05 -1.295930e-05  6.948557e-05  3.197968e-05
[4,] -1.983160e-05 -4.767136e-05  3.197968e-05  6.142661e-05

$message
[1] "relative convergence (4)"

$objective_function
[1] -30423.5

$total_time
Time difference of 2.360613 mins

Assets: 3
Assets: 4
Assets: 5
Assets: 6
$mu
       par1        par2        par3        par4 
 0.12602332  0.05863123  0.04135142 -0.06019030 

$sigma
[1] 0.03293007 0.04737404 0.03534628 0.12959290

$corr
            [,1]        [,2]         [,3]      [,4]
[1,] 1.000000000  0.65549783  0.001508951 0.5251774
[2,] 0.655497834  1.00000000 -0.053917887 0.3437160
[3,] 0.001508951 -0.05391789  1.000000000 0.0919047
[4,] 0.525177355  0.34371604  0.091904697 1.0000000

$theta
par15 par16 par17 par18 
 -0.1  -0.1  -0.1  -0.1 

$delta
     par19      par20      par21      par22 
0.10136854 0.08981932 0.09383899 0.14558656 

$lambda
    par23     par24     par25     par26 
 1.976760  1.470444  2.570690 12.842278 

$S
             [,1]          [,2]          [,3]         [,4]
[1,] 1.084389e-03  0.0010225967  1.756352e-06 0.0022411960
[2,] 1.022597e-03  0.0022443001 -9.028530e-05 0.0021101896
[3,] 1.756352e-06 -0.0000902853  1.249360e-03 0.0004209811
[4,] 2.241196e-03  0.0021101896  4.209811e-04 0.0167943204

$message
[1] "relative convergence (4)"

$objective_function
[1] -25126.2

$total_time
Time difference of 2.098959 mins

Assets: 3
Assets: 4
Assets: 7
Assets: 8
$mu
       par1        par2        par3        par4 
 0.13316886  0.05483446 -0.05039385 -0.01894489 

$sigma
[1] 0.03253952 0.04745793 0.05108017 0.04511539

$corr
          [,1]      [,2]      [,3]      [,4]
[1,] 1.0000000 0.6586971 0.1527121 0.3735549
[2,] 0.6586971 1.0000000 0.1233654 0.3952673
[3,] 0.1527121 0.1233654 1.0000000 0.2114382
[4,] 0.3735549 0.3952673 0.2114382 1.0000000

$theta
par15 par16 par17 par18 
 -0.1  -0.1  -0.1  -0.1 

$delta
     par19      par20      par21      par22 
0.09962865 0.08913541 0.10770178 0.09999050 

$lambda
   par23    par24    par25    par26 
2.601730 1.268154 2.549340 0.590508 

$S
             [,1]         [,2]         [,3]         [,4]
[1,] 0.0010588205 0.0010171984 0.0002538265 0.0005483911
[2,] 0.0010171984 0.0022522549 0.0002990573 0.0008463002
[3,] 0.0002538265 0.0002990573 0.0026091833 0.0004872597
[4,] 0.0005483911 0.0008463002 0.0004872597 0.0020353987

$message
[1] "relative convergence (4)"

$objective_function
[1] -26884.53

$total_time
Time difference of 2.011113 mins

Assets: 3
Assets: 4
Assets: 9
Assets: 10
$mu
       par1        par2        par3        par4 
 0.13849465  0.06277281 -0.01553541 -0.01313506 

$sigma
[1] 0.03227102 0.04701030 0.02138332 0.01916196

$corr
          [,1]      [,2]      [,3]      [,4]
[1,] 1.0000000 0.6529796 0.1985096 0.2136276
[2,] 0.6529796 1.0000000 0.1146822 0.1795582
[3,] 0.1985096 0.1146822 1.0000000 0.5865061
[4,] 0.2136276 0.1795582 0.5865061 1.0000000

$theta
par15 par16 par17 par18 
 -0.1  -0.1  -0.1  -0.1 

$delta
     par19      par20      par21      par22 
0.09812628 0.08940218 0.11928471 0.09841233 

$lambda
    par23     par24     par25     par26 
2.6669978 1.6177136 0.1301602 0.8800270 

$S
             [,1]         [,2]         [,3]         [,4]
[1,] 0.0010414189 0.0009906160 0.0001369839 0.0001321022
[2,] 0.0009906160 0.0022099680 0.0001152827 0.0001617477
[3,] 0.0001369839 0.0001152827 0.0004572464 0.0002403187
[4,] 0.0001321022 0.0001617477 0.0002403187 0.0003671805

$message
[1] "relative convergence (4)"

$objective_function
[1] -30896.3

$total_time
Time difference of 2.187869 mins

Assets: 3
Assets: 4
Assets: 11
Assets: 12
$mu
       par1        par2        par3        par4 
 0.13203332  0.05080111 -0.00292087 -0.01336152 

$sigma
[1] 0.03230403 0.04713416 0.02183415 0.02140996

$corr
             [,1]        [,2]         [,3]       [,4]
[1,]  1.000000000  0.65230676  0.007182543 -0.2640370
[2,]  0.652306765  1.00000000 -0.063692354 -0.3522593
[3,]  0.007182543 -0.06369235  1.000000000  0.4532029
[4,] -0.264037004 -0.35225927  0.453202922  1.0000000

$theta
par15 par16 par17 par18 
 -0.1  -0.1  -0.1  -0.1 

$delta
     par19      par20      par21      par22 
0.10050567 0.09599006 0.11748493 0.09298643 

$lambda
   par23    par24    par25    par26 
2.656731 1.426169 1.692685 1.603949 

$S
              [,1]          [,2]          [,3]          [,4]
[1,]  1.043550e-03  9.932174e-04  5.066070e-06 -0.0001826154
[2,]  9.932174e-04  2.221629e-03 -6.554799e-05 -0.0003554791
[3,]  5.066070e-06 -6.554799e-05  4.767302e-04  0.0002118580
[4,] -1.826154e-04 -3.554791e-04  2.118580e-04  0.0004583865

$message
[1] "relative convergence (4)"

$objective_function
[1] -30368.71

$total_time
Time difference of 2.475461 mins

Assets: 3
Assets: 4
Assets: 13
Assets: 14
$mu
      par1       par2       par3       par4 
0.14028136 0.07002869 0.04130720 0.02693774 

$sigma
[1] 0.032365773 0.047264507 0.008344189 0.007763784

$corr
           [,1]       [,2]       [,3]       [,4]
[1,]  1.0000000  0.6548033 -0.1419617 -0.3646145
[2,]  0.6548033  1.0000000 -0.1240914 -0.3338085
[3,] -0.1419617 -0.1240914  1.0000000  0.4935278
[4,] -0.3646145 -0.3338085  0.4935278  1.0000000

$theta
par15 par16 par17 par18 
 -0.1  -0.1  -0.1  -0.1 

$delta
     par19      par20      par21      par22 
0.09708364 0.08172219 0.09005467 0.09882809 

$lambda
    par23     par24     par25     par26 
2.5915679 1.5454605 0.3809314 0.9657615 

$S
              [,1]          [,2]          [,3]          [,4]
[1,]  1.047543e-03  1.001687e-03 -3.833905e-05 -9.162066e-05
[2,]  1.001687e-03  2.233934e-03 -4.893965e-05 -1.224915e-04
[3,] -3.833905e-05 -4.893965e-05  6.962548e-05  3.197195e-05
[4,] -9.162066e-05 -1.224915e-04  3.197195e-05  6.027634e-05

$message
[1] "relative convergence (4)"

$objective_function
[1] -34735.01

$total_time
Time difference of 2.511492 mins

Assets: 5
Assets: 6
Assets: 7
Assets: 8
$mu
       par1        par2        par3        par4 
 0.02276780  0.37989920 -0.04867710 -0.02158935 

$sigma
[1] 0.03572226 0.14874838 0.05102199 0.04504882

$corr
          [,1]      [,2]      [,3]      [,4]
[1,] 1.0000000 0.1032018 0.1359132 0.3250386
[2,] 0.1032018 1.0000000 0.1276529 0.2741365
[3,] 0.1359132 0.1276529 1.0000000 0.2104960
[4,] 0.3250386 0.2741365 0.2104960 1.0000000

$theta
     par15      par16      par17      par18 
-0.1000000 -0.1148772 -0.1000000 -0.1000000 

$delta
     par19      par20      par21      par22 
0.09972713 0.00001000 0.10703961 0.10439929 

$lambda
   par23    par24    par25    par26 
2.231306 3.416039 2.584531 0.627268 

$S
             [,1]         [,2]         [,3]         [,4]
[1,] 0.0012760800 0.0005483758 0.0002477182 0.0005230669
[2,] 0.0005483758 0.0221260813 0.0009688138 0.0018369719
[3,] 0.0002477182 0.0009688138 0.0026032434 0.0004838209
[4,] 0.0005230669 0.0018369719 0.0004838209 0.0020293959

$message
[1] "relative convergence (4)"

$objective_function
[1] -23640.55

$total_time
Time difference of 2.404706 mins

Assets: 5
Assets: 6
Assets: 9
Assets: 10
$mu
        par1         par2         par3         par4 
 0.035025444  0.009060988 -0.015627133 -0.013576576 

$sigma
[1] 0.03537431 0.13369556 0.02137273 0.01915674

$corr
          [,1]      [,2]      [,3]      [,4]
[1,] 1.0000000 0.1131373 0.3879631 0.3210922
[2,] 0.1131373 1.0000000 0.1758032 0.1752078
[3,] 0.3879631 0.1758032 1.0000000 0.5862860
[4,] 0.3210922 0.1752078 0.5862860 1.0000000

$theta
par15 par16 par17 par18 
 -0.1  -0.1  -0.1  -0.1 

$delta
     par19      par20      par21      par22 
0.09590026 0.14820251 0.11814173 0.09909605 

$lambda
    par23     par24     par25     par26 
2.6181830 9.9311576 0.1446725 0.8794872 

$S
             [,1]         [,2]         [,3]         [,4]
[1,] 0.0012513421 0.0005350701 0.0002933178 0.0002175902
[2,] 0.0005350701 0.0178745032 0.0005023470 0.0004487372
[3,] 0.0002933178 0.0005023470 0.0004567936 0.0002400441
[4,] 0.0002175902 0.0004487372 0.0002400441 0.0003669806

$message
[1] "relative convergence (4)"

$objective_function
[1] -27856.53

$total_time
Time difference of 2.457559 mins

Assets: 5
Assets: 6
Assets: 11
Assets: 12
$mu
        par1         par2         par3         par4 
 0.047588303 -0.023813738  0.004642236 -0.016619191 

$sigma
[1] 0.03531224 0.13313603 0.02189040 0.02144314

$corr
          [,1]        [,2]       [,3]       [,4]
[1,] 1.0000000  0.11062147 0.44537136  0.4347336
[2,] 0.1106215  1.00000000 0.09495791 -0.1240728
[3,] 0.4453714  0.09495791 1.00000000  0.4534026
[4,] 0.4347336 -0.12407279 0.45340261  1.0000000

$theta
par15 par16 par17 par18 
 -0.1  -0.1  -0.1  -0.1 

$delta
     par19      par20      par21      par22 
0.09197570 0.15086271 0.11374882 0.09454836 

$lambda
    par23     par24     par25     par26 
 2.857247 10.026864  1.622750  1.544237 

$S
             [,1]          [,2]         [,3]          [,4]
[1,] 0.0012469543  0.0005200682 0.0003442716  0.0003291825
[2,] 0.0005200682  0.0177252023 0.0002767454 -0.0003542097
[3,] 0.0003442716  0.0002767454 0.0004791894  0.0002128266
[4,] 0.0003291825 -0.0003542097 0.0002128266  0.0004598082

$message
[1] "relative convergence (4)"

$objective_function
[1] -27378.33

$total_time
Time difference of 2.154895 mins

Assets: 5
Assets: 6
Assets: 13
Assets: 14
$mu
        par1         par2         par3         par4 
 0.040383812 -0.005688913  0.041589850  0.025221513 

$sigma
[1] 0.035452299 0.133170069 0.008325063 0.007858057

$corr
          [,1]       [,2]       [,3]       [,4]
[1,] 1.0000000  0.0944887  0.1256692  0.2236267
[2,] 0.0944887  1.0000000 -0.1141822 -0.2188616
[3,] 0.1256692 -0.1141822  1.0000000  0.4906548
[4,] 0.2236267 -0.2188616  0.4906548  1.0000000

$theta
par15 par16 par17 par18 
 -0.1  -0.1  -0.1  -0.1 

$delta
     par19      par20      par21      par22 
0.09323822 0.14873577 0.09131896 0.10088448 

$lambda
     par23      par24      par25      par26 
 2.4347011 10.1945579  0.4709854  0.4913755 

$S
             [,1]          [,2]          [,3]          [,4]
[1,] 1.256866e-03  0.0004460986  3.709034e-05  6.229931e-05
[2,] 4.460986e-04  0.0177342673 -1.265880e-04 -2.290295e-04
[3,] 3.709034e-05 -0.0001265880  6.930667e-05  3.209806e-05
[4,] 6.229931e-05 -0.0002290295  3.209806e-05  6.174906e-05

$message
[1] "relative convergence (4)"

$objective_function
[1] -31498.53

$total_time
Time difference of 2.324897 mins

Assets: 7
Assets: 8
Assets: 9
Assets: 10
$mu
       par1        par2        par3        par4 
-0.03981696 -0.02191821 -0.01572700 -0.01363331 

$sigma
[1] 0.05071233 0.04462588 0.02137448 0.01914339

$corr
          [,1]      [,2]      [,3]      [,4]
[1,] 1.0000000 0.2096230 0.1542652 0.1311578
[2,] 0.2096230 1.0000000 0.3105045 0.2707598
[3,] 0.1542652 0.3105045 1.0000000 0.5871995
[4,] 0.1311578 0.2707598 0.5871995 1.0000000

$theta
par15 par16 par17 par18 
 -0.1  -0.1  -0.1  -0.1 

$delta
     par19      par20      par21      par22 
0.10472052 0.10669567 0.11974943 0.09922836 

$lambda
    par23     par24     par25     par26 
2.8713998 0.9653405 0.1368017 0.9241631 

$S
             [,1]         [,2]         [,3]         [,4]
[1,] 0.0025717409 0.0004743941 0.0001672157 0.0001273288
[2,] 0.0004743941 0.0019914688 0.0002961763 0.0002313075
[3,] 0.0001672157 0.0002961763 0.0004568686 0.0002402703
[4,] 0.0001273288 0.0002313075 0.0002402703 0.0003664692

$message
[1] "relative convergence (4)"

$objective_function
[1] -29618.37

$total_time
Time difference of 2.406672 mins

Assets: 7
Assets: 8
Assets: 11
Assets: 12
$mu
         par1          par2          par3          par4 
-4.019669e-02 -1.992314e-02  5.071145e-05 -1.406919e-02 

$sigma
[1] 0.05074711 0.04462290 0.02186444 0.02142305

$corr
           [,1]        [,2]      [,3]        [,4]
[1,] 1.00000000  0.20680568 0.1115181  0.01213376
[2,] 0.20680568  1.00000000 0.2223271 -0.04620003
[3,] 0.11151811  0.22232711 1.0000000  0.45359612
[4,] 0.01213376 -0.04620003 0.4535961  1.00000000

$theta
par15 par16 par17 par18 
 -0.1  -0.1  -0.1  -0.1 

$delta
     par19      par20      par21      par22 
0.10479183 0.10560457 0.11639261 0.09293398 

$lambda
    par23     par24     par25     par26 
2.8317477 0.8997882 1.6113756 1.5470046 

$S
             [,1]          [,2]         [,3]          [,4]
[1,] 2.575269e-03  4.683080e-04 0.0001237357  1.319131e-05
[2,] 4.683080e-04  1.991204e-03 0.0002169145 -4.416532e-05
[3,] 1.237357e-04  2.169145e-04 0.0004780537  2.124658e-04
[4,] 1.319131e-05 -4.416532e-05 0.0002124658  4.589471e-04

$message
[1] "relative convergence (4)"

$objective_function
[1] -28953.05

$total_time
Time difference of 2.015558 mins

Assets: 7
Assets: 8
Assets: 13
Assets: 14
$mu
       par1        par2        par3        par4 
-0.04226387 -0.01848594  0.04146493  0.02600730 

$sigma
[1] 0.050858187 0.044486146 0.008330739 0.007834473

$corr
            [,1]       [,2]       [,3]        [,4]
[1,]  1.00000000  0.2047561 -0.0630412 -0.07607784
[2,]  0.20475610  1.0000000 -0.1463955 -0.17265104
[3,] -0.06304120 -0.1463955  1.0000000  0.48980897
[4,] -0.07607784 -0.1726510  0.4898090  1.00000000

$theta
par15 par16 par17 par18 
 -0.1  -0.1  -0.1  -0.1 

$delta
     par19      par20      par21      par22 
0.10519176 0.10528896 0.09131476 0.09938317 

$lambda
    par23     par24     par25     par26 
2.7269717 0.9885334 0.4570424 0.5246626 

$S
              [,1]          [,2]          [,3]          [,4]
[1,]  2.586555e-03  4.632576e-04 -2.670969e-05 -3.031299e-05
[2,]  4.632576e-04  1.979017e-03 -5.425453e-05 -6.017329e-05
[3,] -2.670969e-05 -5.425453e-05  6.940121e-05  3.196834e-05
[4,] -3.031299e-05 -6.017329e-05  3.196834e-05  6.137897e-05

$message
[1] "relative convergence (4)"

$objective_function
[1] -33272.67

$total_time
Time difference of 2.250784 mins

Assets: 9
Assets: 10
Assets: 11
Assets: 12
$mu
        par1         par2         par3         par4 
-0.013073192 -0.013594050  0.009992739 -0.014061389 

$sigma
[1] 0.02151624 0.01913296 0.02171391 0.02143361

$corr
          [,1]      [,2]      [,3]      [,4]
[1,] 1.0000000 0.5881163 0.7895230 0.3292577
[2,] 0.5881163 1.0000000 0.4818466 0.2138683
[3,] 0.7895230 0.4818466 1.0000000 0.4529512
[4,] 0.3292577 0.2138683 0.4529512 1.0000000

$theta
     par15      par16      par17      par18 
-0.7831727 -0.1000000 -0.1000000 -0.1000000 

$delta
     par19      par20      par21      par22 
8.07269049 0.09931276 0.10650094 0.09271179 

$lambda
    par23     par24     par25     par26 
0.1000000 0.9459046 3.4069644 1.5205718 

$S
             [,1]         [,2]         [,3]         [,4]
[1,] 0.0004629485 2.421094e-04 0.0003688665 1.518440e-04
[2,] 0.0002421094 3.660702e-04 0.0002001838 8.770493e-05
[3,] 0.0003688665 2.001838e-04 0.0004714940 2.108069e-04
[4,] 0.0001518440 8.770493e-05 0.0002108069 4.593997e-04

$message
[1] "relative convergence (4)"

$objective_function
[1] -33955.92

$total_time
Time difference of 2.432337 mins

Assets: 9
Assets: 10
Assets: 13
Assets: 14
$mu
       par1        par2        par3        par4 
-0.01310167 -0.01287545  0.04014609  0.02513177 

$sigma
[1] 0.021516035 0.019198568 0.008451723 0.007820184

$corr
            [,1]        [,2]        [,3]        [,4]
[1,]  1.00000000  0.58681600 -0.30998395 -0.01129844
[2,]  0.58681600  1.00000000  0.04490086 -0.03017368
[3,] -0.30998395  0.04490086  1.00000000  0.50115303
[4,] -0.01129844 -0.03017368  0.50115303  1.00000000

$theta
par15 par16 par17 par18 
 -0.1  -0.1  -0.1  -0.1 

$delta
     par19      par20      par21      par22 
8.46394364 0.09782553 0.09346492 0.10093435 

$lambda
    par23     par24     par25     par26 
0.1000000 0.8688787 0.3985560 0.6141456 

$S
              [,1]          [,2]          [,3]          [,4]
[1,]  4.629398e-04  2.424002e-04 -5.636983e-05 -1.901068e-06
[2,]  2.424002e-04  3.685850e-04  7.285658e-06 -4.530166e-06
[3,] -5.636983e-05  7.285658e-06  7.143162e-05  3.312322e-05
[4,] -1.901068e-06 -4.530166e-06  3.312322e-05  6.115527e-05

$message
[1] "relative convergence (4)"

$objective_function
[1] -37654.55

$total_time
Time difference of 2.863674 mins

Assets: 11
Assets: 12
Assets: 13
Assets: 14
$mu
        par1         par2         par3         par4 
-0.001677359 -0.015299605  0.040154540  0.025930122 

$sigma
[1] 0.021778179 0.021359382 0.008387027 0.007815082

$corr
            [,1]      [,2]        [,3]      [,4]
[1,]  1.00000000 0.4590721 -0.08738581 0.1623787
[2,]  0.45907211 1.0000000  0.22776399 0.4178939
[3,] -0.08738581 0.2277640  1.00000000 0.4929362
[4,]  0.16237865 0.4178939  0.49293623 1.0000000

$theta
par15 par16 par17 par18 
 -0.1  -0.1  -0.1  -0.1 

$delta
     par19      par20      par21      par22 
0.11598724 0.09523742 0.09000811 0.09971639 

$lambda
    par23     par24     par25     par26 
1.8505346 1.8606988 0.2659505 0.7210126 

$S
              [,1]         [,2]          [,3]         [,4]
[1,]  4.742891e-04 2.135459e-04 -1.596138e-05 2.763656e-05
[2,]  2.135459e-04 4.562232e-04  4.080203e-05 6.975708e-05
[3,] -1.596138e-05 4.080203e-05  7.034221e-05 3.230965e-05
[4,]  2.763656e-05 6.975708e-05  3.230965e-05 6.107551e-05

$message
[1] "relative convergence (4)"

$objective_function
[1] -37008.83

$total_time
Time difference of 2.947609 mins

FINAL RESULT FOR CORRELATION
               [,1]        [,2]         [,3]        [,4]          [,5]        [,6]        [,7]         [,8]        [,9]
 [1,]  1.0000000000 -0.02388265 -0.022304713  0.02777394  0.0007413362 -0.01233750  0.01908248  0.001868839  0.02818886
 [2,] -0.0238826471  1.00000000  0.517860256  0.58904350  0.1497048915  0.29659830  0.14111989  0.432389395  0.21981253
 [3,] -0.0223047127  0.51786026  1.000000000  0.65565616  0.0015247009  0.50927419  0.15343002  0.376496550  0.19664881
 [4,]  0.0277739386  0.58904350  0.655656161  1.00000000 -0.0538133019  0.32922499  0.12411583  0.398928039  0.11362810
 [5,]  0.0007413362  0.14970489  0.001524701 -0.05381330  1.0000000000  0.10234896  0.13740752  0.329539281  0.38640235
 [6,] -0.0123374974  0.29659830  0.509274189  0.32922499  0.1023489605  1.00000000  0.14066683  0.302936210  0.17322229
 [7,]  0.0190824803  0.14111989  0.153430017  0.12411583  0.1374075195  0.14066683  1.00000000  0.207584038  0.15338350
 [8,]  0.0018688387  0.43238940  0.376496550  0.39892804  0.3295392807  0.30293621  0.20758404  1.000000000  0.30856670
 [9,]  0.0281888582  0.21981253  0.196648808  0.11362810  0.3864023493  0.17322229  0.15338350  0.308566701  1.00000000
[10,]  0.0232657242  0.24082780  0.212069736  0.17828151  0.3205437196  0.17303693  0.13060953  0.269485433  0.58696598
[11,]  0.0198975305  0.10640835  0.007137853 -0.06340964  0.4451197773  0.09366015  0.11139635  0.221800153  0.78866718
[12,] -0.0168695861 -0.16522763 -0.262188520 -0.35042082  0.4337030103 -0.12215601  0.01210163 -0.046018721  0.33082790
[13,] -0.0130498401 -0.03712659 -0.141009977 -0.12358587  0.1251839524 -0.11183537 -0.06277070 -0.144817610 -0.31461789
[14,] -0.0214013327 -0.14601771 -0.360285131 -0.33071838  0.2248099227 -0.21633285 -0.07616603 -0.171725020 -0.01134433
            [,10]        [,11]       [,12]       [,13]       [,14]
 [1,]  0.02326572  0.019897531 -0.01686959 -0.01304984 -0.02140133
 [2,]  0.24082780  0.106408347 -0.16522763 -0.03712659 -0.14601771
 [3,]  0.21206974  0.007137853 -0.26218852 -0.14100998 -0.36028513
 [4,]  0.17828151 -0.063409642 -0.35042082 -0.12358587 -0.33071838
 [5,]  0.32054372  0.445119777  0.43370301  0.12518395  0.22480992
 [6,]  0.17303693  0.093660147 -0.12215601 -0.11183537 -0.21633285
 [7,]  0.13060953  0.111396347  0.01210163 -0.06277070 -0.07616603
 [8,]  0.26948543  0.221800153 -0.04601872 -0.14481761 -0.17172502
 [9,]  0.58696598  0.788667184  0.33082790 -0.31461789 -0.01134433
[10,]  1.00000000  0.478630491  0.21368559  0.04547285 -0.03023027
[11,]  0.47863049  1.000000000  0.45391209 -0.08743426  0.16186003
[12,]  0.21368559  0.453912091  1.00000000  0.22775757  0.41631665
[13,]  0.04547285 -0.087434260  0.22775757  1.00000000  0.49293221
[14,] -0.03023027  0.161860029  0.41631665  0.49293221  1.00000000
